 1.000  0.399  0.835  0.113  0.179 -0.131  0.042 -0.100 -0.342  0.089 -0.138 -0.219 -0.191 -0.032 -0.008  0.276  0.194  0.100
 0.399  1.000  0.591  0.090  0.080 -0.115  0.056 -0.025 -0.245  0.205 -0.044 -0.123 -0.116  0.134 -0.020  0.178  0.194  0.100
 0.835  0.591  1.000  0.128  0.168 -0.100 -0.006 -0.121 -0.307  0.133 -0.153 -0.176 -0.179  0.036 -0.005  0.329  0.169  0.100
 0.113  0.090  0.128  1.000 -0.456 -0.221 -0.001 -0.008  0.544  0.363  0.305  0.629  0.728  0.661 -0.078  0.270  0.398 -0.100
 0.179  0.080  0.168 -0.456  1.000 -0.192 -0.021  0.016 -0.313 -0.066 -0.145 -0.299 -0.285 -0.550 -0.124 -0.053 -0.182 -0.200
-0.131 -0.115 -0.100 -0.221 -0.192  1.000  0.098  0.177 -0.024 -0.125 -0.097 -0.085 -0.207  0.002  0.143 -0.024  0.048  0.600
 0.042  0.056 -0.006 -0.001 -0.021  0.098  1.000  0.398 -0.195 -0.008  0.010 -0.138 -0.286  0.044 -0.018 -0.175  0.134  0.600
-0.100 -0.025 -0.121 -0.008  0.016  0.177  0.398  1.000 -0.141  0.003  0.028 -0.157 -0.107 -0.010 -0.105 -0.142  0.071  0.600
-0.342 -0.245 -0.307  0.544 -0.313 -0.024 -0.195 -0.141  1.000  0.264  0.514  0.930  0.485  0.342  0.088  0.293  0.128 -0.250
 0.089  0.205  0.133  0.363 -0.066 -0.125 -0.008  0.003  0.264  1.000  0.176  0.329  0.198  0.249 -0.091  0.211  0.264 -0.250
-0.138 -0.044 -0.153  0.305 -0.145 -0.097  0.010  0.028  0.514  0.176  1.000  0.599  0.187  0.194  0.016  0.328  0.165 -0.250
-0.219 -0.123 -0.176  0.629 -0.299 -0.085 -0.138 -0.157  0.930  0.329  0.599  1.000  0.488  0.411  0.041  0.299  0.223 -0.250
-0.191 -0.116 -0.179  0.728 -0.285 -0.207 -0.286 -0.107  0.485  0.198  0.187  0.488  1.000  0.494 -0.069  0.137  0.202 -0.100
-0.032  0.134  0.036  0.661 -0.550  0.002  0.044 -0.010  0.342  0.249  0.194  0.411  0.494  1.000  0.032  0.147  0.300 -0.100
-0.008 -0.020 -0.005 -0.078 -0.124  0.143 -0.018 -0.105  0.088 -0.091  0.016  0.041 -0.069  0.032  1.000  0.008 -0.046  0.000
 0.276  0.178  0.329  0.270 -0.053 -0.024 -0.175 -0.142  0.293  0.211  0.328  0.299  0.137  0.147  0.008  1.000  0.329 -0.100
 0.194  0.194  0.169  0.398 -0.182  0.048  0.134  0.071  0.128  0.264  0.165  0.223  0.202  0.300 -0.046  0.329  1.000 -0.100
 0.100  0.100  0.100 -0.100 -0.200  0.600  0.600  0.600 -0.250 -0.250 -0.250 -0.250 -0.100 -0.100  0.000 -0.100 -0.100  1.000